727287
796449
796462
796632
796794
801501
802002
802260
805443
808828
810500
811006
811862
814193
814231
816620
817791
823785
824408
824551
825794
825798
828731
831325
831384
844998
852361
852857
859187
862685
862686
862992
864274
869336
871437
874345
874879
876564
878007
878008
881541
881660
884243
886081
887634
889516
889563
889972
890715
891259
891627
896847
900383
900386
901935
902633
903378
907111
907263
908517
909869
910601
911001
911007
911054
911057
911735
914037
916097
920093
921289
927334
930124
932290
932293
933206
934782
934816
935347
936255
937796
937833
940865
944063
944064
946550
948263
948264
951564
957226
959053
959195
959511
959513
959514
959515
963722
966031
966841
967861
967882
969249
970825
971166
973436
973669
973673
973737
975451
979012
979766
980019
981469
984543
987189
987441
988505
990010
990272
993549
996417
1000356
1002102
1002998
1003020
1003431
1003912
1004300
1007376
1007453
1008755
1010472
1011324
1011805
1013373
1017452
1018166
1020000
1021400
1023008
1023359
1024847
858885
831325
849177
878007
878008
737308
738529
743852
756700
769220
796367
796462
796634
796834
800917
801462
809339
809378
813085
814377
817178
817489
822463
822649
824408
824541
824551
825653
825656
825798
826266
826282
826846
827109
827110
827320
828295
828320
829000
829859
832846
840914
841595
843893
845522
845919
846168
847096
847264
847269
849339
850117
850143
851452
853454
854200
854202
854204
854206
854207
854208
854842
856946
859227
860595
860760
861097
861180
861468
862664
863196
864620
867912
869348
870882
874366
875637
875749
876058
880144
880507
881584
883065
887627
887943
888496
888552
889516
890154
891238
891692
892653
892838
894263
896322
897806
898385
898707
899417
902191
903279
903378
905964
906195
907589
908593
909174
910992
911001
911007
911054
911057
911128
911867
912410
912827
913422
914812
915619
915663
915672
915679
915714
915716
915719
916112
916395
916418
917378
918944
919903
921679
923398
923444
923446
924313
926215
926836
928788
932698
932779
934424
936383
937288
937394
938208
939488
940655
940658
940661
940865
941552
942967
943313
943780
944216
945146
946046
947331
947617
947942
948154
951005
951012
951438
951564
960623
961909
962974
963391
964666
967088
967127
968751
968820
969225
970565
972153
972681
973827
975175
975185
975322
976011
976980
978485
979012
979130
981469
981948
983668
983677
984543
986018
986031
991453
991493
992934
993549
995008
997087
997751
999720
1000081
1000691
1003431
1004876
1005207
1008104
1008493
1008539
1010066
1010638
1010758
1011805
1013066
1013734
1015864
1017452
1018298
1019348
1020885
1021486
1021656
1022487
1022878
1023008
1023465
1023728
1024077
1024384
1024834
1026153
738529
739019
769220
776808
796243
796736
804468
806668
809098
809994
811249
811662
818840
820130
821462
826151
827194
830425
846959
851253
856543
859441
865429
867649
867652
867885
870444
872430
874668
885676
896830
898707
907028
907155
908097
911566
916730
917261
933711
942967
944845
945075
964196
971183
974835
976331
990435
995886
998209
999390
1001806
1013066
1016833
1020885
1024341
